o_triton slice:
 [[0. 0. 0. 0. 0. 0.]
 [0. 0. 0. 0. 0. 0.]
 [0. 0. 0. 0. 0. 0.]
 [0. 0. 0. 0. 0. 0.]
 [0. 0. 0. 0. 0. 0.]
 [0. 0. 0. 0. 0. 0.]
 [0. 0. 0. 0. 0. 0.]
 [0. 0. 0. 0. 0. 0.]]
o_ref    slice:
 [[ 4.8950e-02  3.2440e-02  3.0322e-01 -1.2866e-01 -2.5220e-01 -7.9041e-03]
 [ 5.7495e-02  3.2715e-02  2.4377e-01 -1.5063e-01 -3.0640e-01  8.3679e-02]
 [-8.0750e-02  9.3262e-02  2.3010e-01 -1.1536e-02 -9.1797e-02 -1.5320e-01]
 [ 8.0322e-02 -1.0547e-01  2.9248e-01 -1.1639e-01 -7.7271e-02  9.1064e-02]
 [-3.5492e-02 -1.4502e-01  1.4001e-01 -1.9739e-01 -1.7871e-01  4.7546e-02]
 [ 1.2695e-02  1.6113e-02  3.9209e-01 -7.1045e-02 -2.5854e-01 -1.5007e-02]
 [-7.3612e-05  2.1619e-01  1.3049e-01  1.0608e-01 -1.1688e-01 -5.4688e-02]
 [-4.0070e-02  1.1249e-01  2.2388e-01 -1.6125e-01 -3.0273e-01 -2.0862e-01]]
diff     slice:
 [[4.8950e-02 3.2440e-02 3.0322e-01 1.2866e-01 2.5220e-01 7.9041e-03]
 [5.7495e-02 3.2715e-02 2.4377e-01 1.5063e-01 3.0640e-01 8.3679e-02]
 [8.0750e-02 9.3262e-02 2.3010e-01 1.1536e-02 9.1797e-02 1.5320e-01]
 [8.0322e-02 1.0547e-01 2.9248e-01 1.1639e-01 7.7271e-02 9.1064e-02]
 [3.5492e-02 1.4502e-01 1.4001e-01 1.9739e-01 1.7871e-01 4.7546e-02]
 [1.2695e-02 1.6113e-02 3.9209e-01 7.1045e-02 2.5854e-01 1.5007e-02]
 [7.3612e-05 2.1619e-01 1.3049e-01 1.0608e-01 1.1688e-01 5.4688e-02]
 [4.0070e-02 1.1249e-01 2.2388e-01 1.6125e-01 3.0273e-01 2.0862e-01]]
o_triton min/max: 0.0 0.0
o_ref    min/max: -1.18359375 1.3154296875
max_abs: 1.3154296875
max_rel: 1.0
