o_triton slice:
 [[-2.227    -1.125    -0.3206   -0.2164   -3.486     0.4868  ]
 [-1.436    -1.368     0.1665    0.7646   -1.256     0.7407  ]
 [-1.184    -1.395    -0.1659    0.1174   -1.646     0.4514  ]
 [-0.1349   -1.458     0.0597   -0.1229   -0.0984    0.05853 ]
 [-1.135    -1.132    -0.02129   0.2874   -1.238    -0.014786]
 [-1.065    -0.828     0.05646   0.3677   -0.9473   -0.5986  ]
 [-0.999    -0.814     0.6587    0.07574  -0.3687   -0.00761 ]
 [-0.5967   -0.668     0.6797    0.3625    0.2573   -0.6597  ]]
o_ref    slice:
 [[-2.227    -1.125    -0.3206   -0.2164   -3.486     0.4868  ]
 [-1.436    -1.367     0.1664    0.764    -1.256     0.7407  ]
 [-1.183    -1.395    -0.1658    0.1175   -1.6455    0.4514  ]
 [-0.135    -1.458     0.05984  -0.1229   -0.0984    0.05847 ]
 [-1.135    -1.132    -0.0213    0.2874   -1.238    -0.01477 ]
 [-1.065    -0.828     0.05646   0.3677   -0.9473   -0.598   ]
 [-0.999    -0.814     0.6587    0.0758   -0.369    -0.007607]
 [-0.5967   -0.668     0.6797    0.3625    0.2573   -0.6597  ]]
diff     slice:
 [[ 0.000e+00  0.000e+00  0.000e+00  0.000e+00  0.000e+00  0.000e+00]
 [ 0.000e+00 -9.766e-04  1.221e-04  4.883e-04  0.000e+00  0.000e+00]
 [-9.766e-04  0.000e+00 -1.221e-04 -1.221e-04 -9.766e-04  0.000e+00]
 [ 1.221e-04  0.000e+00 -1.526e-04  0.000e+00  0.000e+00  6.104e-05]
 [ 0.000e+00  0.000e+00  1.526e-05  0.000e+00  0.000e+00 -1.526e-05]
 [ 0.000e+00  0.000e+00  0.000e+00  0.000e+00  0.000e+00 -4.883e-04]
 [ 0.000e+00  0.000e+00  0.000e+00 -6.104e-05  2.441e-04 -3.815e-06]
 [ 0.000e+00  0.000e+00  0.000e+00  0.000e+00  0.000e+00  0.000e+00]]
o_triton min/max: -3.486328125 2.306640625
o_ref    min/max: -3.486328125 2.306640625
max_abs: 0.0009765625
max_rel: 22.15625
