o_triton slice:
 [[0. 0. 0. 0. 0. 0.]
 [0. 0. 0. 0. 0. 0.]
 [0. 0. 0. 0. 0. 0.]
 [0. 0. 0. 0. 0. 0.]
 [0. 0. 0. 0. 0. 0.]
 [0. 0. 0. 0. 0. 0.]
 [0. 0. 0. 0. 0. 0.]
 [0. 0. 0. 0. 0. 0.]]
o_ref    slice:
 [[ 0.2764    -0.0692    -0.1274     0.04843   -0.148      0.2092   ]
 [ 0.4014     0.2133     0.1687     0.3262    -0.2075     0.0913   ]
 [-0.1092    -0.1028     0.08545    0.0715     0.0585     0.00796  ]
 [ 0.12354    0.05408    0.0964     0.1586    -0.074      0.0011635]
 [-0.03415   -0.01072   -0.0045     0.3494    -0.1545    -0.08575  ]
 [ 0.1816     0.047      0.1343     0.2744    -0.0363    -0.316    ]
 [ 0.071      0.1373     0.1532     0.2151    -0.07794   -0.1522   ]
 [ 0.1109     0.0841     0.0725    -0.01001    0.011894   0.0912   ]]
diff     slice:
 [[-0.2764     0.0692     0.1274    -0.04843    0.148     -0.2092   ]
 [-0.4014    -0.2133    -0.1687    -0.3262     0.2075    -0.0913   ]
 [ 0.1092     0.1028    -0.08545   -0.0715    -0.0585    -0.00796  ]
 [-0.12354   -0.05408   -0.0964    -0.1586     0.074     -0.0011635]
 [ 0.03415    0.01072    0.0045    -0.3494     0.1545     0.08575  ]
 [-0.1816    -0.047     -0.1343    -0.2744     0.0363     0.316    ]
 [-0.071     -0.1373    -0.1532    -0.2151     0.07794    0.1522   ]
 [-0.1109    -0.0841    -0.0725     0.01001   -0.011894  -0.0912   ]]
o_triton min/max: 0.0 0.0
o_ref    min/max: -0.68603515625 0.7685546875
max_abs: 0.7685546875
max_rel: 1.0
