o_triton slice:
 [[ 0.1185   0.0775   0.2003  -0.03397 -0.2573  -0.02705]
 [ 0.05396  0.00945  0.286   -0.1573  -0.3372   0.08264]
 [-0.02463  0.0869   0.174    0.04413 -0.062   -0.1287 ]
 [ 0.0921  -0.04303  0.202   -0.1387  -0.05154  0.0927 ]
 [ 0.06757 -0.01014  0.1217  -0.1709  -0.0753   0.0941 ]
 [ 0.1284   0.11237  0.3533  -0.0702  -0.2401  -0.08813]
 [ 0.01639  0.0883   0.1644   0.0868  -0.1753  -0.11163]
 [ 0.0544   0.162    0.2668  -0.1133  -0.1792  -0.1638 ]]
o_ref    slice:
 [[ 0.11847  0.07745  0.2003  -0.03397 -0.2573  -0.02707]
 [ 0.05396  0.0094   0.286   -0.1573  -0.3372   0.0827 ]
 [-0.02461  0.0869   0.174    0.04413 -0.06198 -0.1287 ]
 [ 0.09204 -0.04303  0.202   -0.1387  -0.05154  0.0928 ]
 [ 0.06757 -0.01015  0.1217  -0.1709  -0.0753   0.0941 ]
 [ 0.1284   0.11237  0.3533  -0.0701  -0.2401  -0.08813]
 [ 0.01637  0.0883   0.1644   0.0868  -0.1753  -0.11163]
 [ 0.05444  0.162    0.2668  -0.1133  -0.1792  -0.1638 ]]
diff     slice:
 [[6.104e-05 6.104e-05 0.000e+00 0.000e+00 0.000e+00 1.526e-05]
 [0.000e+00 5.341e-05 0.000e+00 0.000e+00 0.000e+00 6.104e-05]
 [1.526e-05 0.000e+00 0.000e+00 0.000e+00 3.052e-05 0.000e+00]
 [6.104e-05 0.000e+00 0.000e+00 0.000e+00 0.000e+00 6.104e-05]
 [0.000e+00 7.629e-06 0.000e+00 0.000e+00 0.000e+00 0.000e+00]
 [0.000e+00 0.000e+00 0.000e+00 6.104e-05 0.000e+00 0.000e+00]
 [1.526e-05 0.000e+00 0.000e+00 0.000e+00 0.000e+00 0.000e+00]
 [3.052e-05 0.000e+00 0.000e+00 0.000e+00 0.000e+00 0.000e+00]]
o_triton min/max: -1.0068359375 1.234375
o_ref    min/max: -1.0068359375 1.234375
max_abs: 0.00048828125
max_rel: 3.1484375
